 0.00000e+00	 4.03056e-16
 3.07757e+01	 4.03247e-16
 6.15345e+01	 4.02420e-16
 9.23064e+01	 4.01299e-16
 1.23070e+02	 3.99402e-16
 1.53840e+02	 3.96774e-16
 1.84605e+02	 3.93555e-16
 2.15374e+02	 3.89988e-16
 2.46142e+02	 3.86167e-16
 2.76905e+02	 3.81602e-16
 3.07678e+02	 3.76323e-16
 3.38437e+02	 3.70791e-16
 3.69210e+02	 3.64947e-16
 3.99968e+02	 3.58625e-16
 4.30738e+02	 3.52331e-16
 4.61502e+02	 3.46457e-16
 4.92274e+02	 3.41157e-16
 5.23040e+02	 3.36338e-16
 5.53800e+02	 3.32085e-16
 5.84578e+02	 3.28565e-16
 6.15343e+02	 3.25693e-16
 6.46102e+02	 3.22818e-16
 6.76875e+02	 3.19676e-16
 7.07639e+02	 3.16934e-16
 7.38402e+02	 3.14840e-16
 7.69168e+02	 3.13375e-16
 7.99935e+02	 3.12369e-16
 8.30709e+02	 3.11776e-16
 8.61479e+02	 3.11548e-16
 8.92240e+02	 3.11606e-16
 9.23006e+02	 3.11842e-16
 9.53771e+02	 3.12164e-16
 9.84539e+02	 3.12519e-16
 1.01531e+03	 3.12855e-16
 1.04607e+03	 3.13210e-16
 1.07684e+03	 3.13605e-16
 1.10760e+03	 3.13940e-16
 1.13837e+03	 3.13843e-16
 1.16914e+03	 3.12856e-16
 1.19991e+03	 3.11100e-16
 1.23067e+03	 3.09077e-16
 1.26144e+03	 3.07043e-16
 1.29220e+03	 3.05212e-16
 1.32297e+03	 3.03539e-16
 1.35374e+03	 3.02058e-16
 1.38451e+03	 3.00661e-16
 1.41527e+03	 2.99483e-16
 1.44604e+03	 2.98515e-16
 1.47681e+03	 2.97791e-16
 1.50757e+03	 2.97312e-16
 1.53833e+03	 2.97056e-16
 1.56910e+03	 2.96966e-16
 1.59987e+03	 2.96998e-16
 1.63064e+03	 2.97106e-16
 1.66141e+03	 2.97245e-16
 1.69217e+03	 2.97379e-16
 1.72293e+03	 2.97440e-16
 1.75370e+03	 2.97434e-16
 1.78447e+03	 2.97375e-16
 1.81524e+03	 2.97257e-16
 1.84600e+03	 2.97092e-16
 1.87677e+03	 2.96902e-16
 1.90754e+03	 2.96656e-16
 1.93831e+03	 2.96308e-16
 1.96907e+03	 2.95864e-16
 1.99984e+03	 2.95302e-16
 2.03060e+03	 2.94608e-16
 2.06137e+03	 2.93790e-16
 2.09214e+03	 2.92940e-16
 2.12291e+03	 2.92076e-16
 2.15367e+03	 2.91207e-16
 2.18444e+03	 2.90336e-16
 2.21520e+03	 2.89417e-16
 2.24597e+03	 2.88666e-16
 2.27673e+03	 2.88188e-16
 2.30750e+03	 2.87916e-16
 2.33827e+03	 2.87752e-16
 2.36904e+03	 2.87644e-16
 2.39981e+03	 2.87561e-16
 2.43057e+03	 2.87503e-16
 2.46133e+03	 2.87510e-16
 2.49210e+03	 2.87629e-16
 2.52287e+03	 2.87794e-16
 2.55364e+03	 2.88008e-16
 2.58440e+03	 2.88262e-16
 2.61517e+03	 2.88549e-16
 2.64594e+03	 2.88805e-16
 2.67670e+03	 2.89047e-16
 2.70747e+03	 2.89271e-16
 2.73824e+03	 2.89434e-16
 2.76900e+03	 2.89490e-16
 2.79977e+03	 2.89435e-16
 2.83054e+03	 2.89292e-16
 2.86130e+03	 2.89111e-16
 2.89207e+03	 2.88909e-16
 2.92284e+03	 2.88714e-16
 2.95360e+03	 2.88527e-16
 2.98437e+03	 2.88378e-16
 3.01514e+03	 2.88261e-16
 3.04590e+03	 2.88168e-16
 3.07667e+03	 2.88123e-16
 3.10744e+03	 2.88113e-16
 3.13820e+03	 2.88104e-16
 3.16897e+03	 2.88059e-16
 3.19974e+03	 2.87944e-16
 3.23050e+03	 2.87723e-16
 3.26127e+03	 2.87411e-16
 3.29204e+03	 2.87037e-16
 3.32280e+03	 2.86676e-16
 3.35357e+03	 2.86327e-16
 3.38434e+03	 2.85995e-16
 3.41510e+03	 2.85732e-16
 3.44587e+03	 2.85515e-16
 3.47663e+03	 2.85344e-16
 3.50740e+03	 2.85243e-16
 3.53817e+03	 2.85179e-16
 3.56894e+03	 2.85107e-16
 3.59970e+03	 2.85062e-16
 3.63047e+03	 2.85066e-16
 3.66124e+03	 2.85098e-16
 3.69200e+03	 2.85156e-16
 3.72277e+03	 2.85219e-16
 3.75354e+03	 2.85290e-16
 3.78430e+03	 2.85365e-16
 3.81507e+03	 2.85454e-16
 3.84584e+03	 2.85559e-16
 3.87660e+03	 2.85601e-16
 3.90737e+03	 2.85710e-16
 3.93814e+03	 2.85815e-16
 3.96890e+03	 2.85921e-16
 3.99967e+03	 2.86013e-16
 4.03044e+03	 2.86086e-16
 4.06120e+03	 2.86143e-16
 4.09197e+03	 2.86184e-16
 4.12274e+03	 2.86203e-16
 4.15350e+03	 2.86213e-16
 4.18427e+03	 2.86200e-16
 4.21503e+03	 2.86168e-16
 4.24581e+03	 2.86115e-16
 4.27657e+03	 2.86049e-16
 4.30734e+03	 2.85957e-16
 4.33810e+03	 2.85902e-16
 4.36887e+03	 2.85863e-16
 4.39964e+03	 2.85838e-16
 4.43040e+03	 2.85833e-16
 4.46117e+03	 2.85776e-16
 4.49194e+03	 2.85797e-16
 4.52270e+03	 2.85818e-16
 4.55347e+03	 2.85830e-16
 4.58423e+03	 2.85809e-16
 4.61500e+03	 2.85748e-16
 4.64577e+03	 2.85741e-16
 4.67654e+03	 2.85756e-16
 4.70730e+03	 2.85769e-16
 4.73807e+03	 2.85768e-16
 4.76883e+03	 2.85720e-16
 4.79960e+03	 2.85719e-16
 4.83037e+03	 2.85704e-16
 4.86114e+03	 2.85679e-16
 4.89190e+03	 2.85663e-16
 4.92267e+03	 2.85665e-16
 4.95344e+03	 2.85678e-16
 4.98420e+03	 2.85725e-16
 5.01497e+03	 2.85764e-16
 5.04573e+03	 2.85829e-16
 5.07650e+03	 2.85932e-16
 5.10727e+03	 2.86047e-16
 5.13804e+03	 2.86173e-16
 5.16880e+03	 2.86305e-16
 5.19957e+03	 2.86416e-16
 5.23034e+03	 2.86569e-16
 5.26110e+03	 2.86726e-16
 5.29187e+03	 2.86916e-16
 5.32263e+03	 2.86975e-16
 5.35340e+03	 2.87050e-16
 5.38417e+03	 2.87120e-16
 5.41494e+03	 2.87174e-16
 5.44570e+03	 2.87204e-16
 5.47647e+03	 2.87198e-16
 5.50724e+03	 2.87191e-16
 5.53800e+03	 2.87162e-16
 5.56877e+03	 2.87094e-16
 5.59954e+03	 2.86994e-16
 5.63031e+03	 2.86820e-16
 5.66107e+03	 2.86720e-16
 5.69183e+03	 2.86647e-16
 5.72260e+03	 2.86597e-16
 5.75337e+03	 2.86573e-16
 5.78414e+03	 2.86602e-16
 5.81490e+03	 2.86657e-16
 5.84567e+03	 2.86750e-16
 5.87644e+03	 2.86882e-16
 5.90720e+03	 2.87040e-16
 5.93797e+03	 2.87194e-16
 5.96874e+03	 2.87335e-16
 5.99950e+03	 2.87462e-16
 6.03027e+03	 2.87584e-16
 6.06104e+03	 2.87705e-16
 6.09180e+03	 2.87821e-16
 6.12257e+03	 2.87930e-16
 6.15333e+03	 2.88021e-16
 6.18410e+03	 2.88124e-16
 6.21487e+03	 2.88217e-16
 6.24563e+03	 2.88279e-16
 6.27640e+03	 2.88376e-16
 6.30717e+03	 2.88452e-16
 6.33793e+03	 2.88495e-16
 6.36870e+03	 2.88515e-16
 6.39947e+03	 2.88533e-16
 6.43024e+03	 2.88544e-16
 6.46100e+03	 2.88553e-16
 6.49177e+03	 2.88594e-16
 6.52254e+03	 2.88607e-16
 6.55330e+03	 2.88674e-16
 6.58407e+03	 2.88743e-16
 6.61484e+03	 2.88807e-16
 6.64560e+03	 2.88858e-16
 6.67637e+03	 2.88908e-16
 6.70713e+03	 2.88958e-16
 6.73790e+03	 2.89017e-16
 6.76867e+03	 2.89091e-16
 6.79944e+03	 2.89166e-16
 6.83020e+03	 2.89215e-16
 6.86097e+03	 2.89252e-16
 6.89174e+03	 2.89287e-16
 6.92250e+03	 2.89325e-16
 6.95327e+03	 2.89369e-16
 6.98404e+03	 2.89418e-16
 7.01480e+03	 2.89479e-16
 7.04557e+03	 2.89521e-16
 7.07633e+03	 2.89562e-16
 7.10711e+03	 2.89613e-16
 7.13787e+03	 2.89687e-16
 7.16864e+03	 2.89770e-16
 7.19940e+03	 2.89851e-16
 7.23017e+03	 2.89937e-16
 7.26094e+03	 2.90032e-16
 7.29170e+03	 2.90134e-16
 7.32248e+03	 2.90241e-16
 7.35324e+03	 2.90352e-16
 7.38400e+03	 2.90466e-16
 7.41477e+03	 2.90592e-16
 7.44554e+03	 2.90720e-16
 7.47630e+03	 2.90840e-16
 7.50707e+03	 2.90960e-16
 7.53783e+03	 2.91069e-16
 7.56860e+03	 2.91172e-16
 7.59937e+03	 2.91267e-16
 7.63013e+03	 2.91338e-16
 7.66090e+03	 2.91403e-16
 7.69167e+03	 2.91476e-16
 7.72244e+03	 2.91553e-16
 7.75320e+03	 2.91617e-16
 7.78397e+03	 2.91682e-16
 7.81474e+03	 2.91711e-16
 7.84550e+03	 2.91662e-16
 7.87627e+03	 2.91582e-16
 7.90704e+03	 2.91576e-16
 7.93780e+03	 2.91608e-16
 7.96857e+03	 2.91665e-16
 7.99933e+03	 2.91742e-16
 8.03010e+03	 2.91839e-16
 8.06087e+03	 2.91949e-16
 8.09164e+03	 2.92060e-16
 8.12241e+03	 2.92176e-16
 8.15317e+03	 2.92285e-16
 8.18394e+03	 2.92395e-16
 8.21471e+03	 2.92510e-16
 8.24547e+03	 2.92632e-16
 8.27624e+03	 2.92761e-16
 8.30700e+03	 2.92896e-16
 8.33777e+03	 2.93015e-16
 8.36853e+03	 2.93141e-16
 8.39930e+03	 2.93266e-16
 8.43007e+03	 2.93402e-16
 8.46083e+03	 2.93548e-16
 8.49161e+03	 2.93678e-16
 8.52237e+03	 2.93789e-16
 8.55314e+03	 2.93889e-16
 8.58391e+03	 2.93980e-16
 8.61467e+03	 2.94073e-16
 8.64544e+03	 2.94158e-16
 8.67620e+03	 2.94221e-16
 8.70697e+03	 2.94261e-16
 8.73773e+03	 2.94289e-16
 8.76850e+03	 2.94324e-16
 8.79928e+03	 2.94361e-16
 8.83004e+03	 2.94410e-16
 8.86081e+03	 2.94448e-16
 8.89157e+03	 2.94480e-16
 8.92234e+03	 2.94506e-16
 8.95311e+03	 2.94549e-16
 8.98387e+03	 2.94614e-16
 9.01464e+03	 2.94685e-16
 9.04540e+03	 2.94743e-16
 9.07617e+03	 2.94793e-16
 9.10693e+03	 2.94847e-16
 9.13770e+03	 2.94907e-16
 9.16847e+03	 2.94984e-16
 9.19924e+03	 2.95081e-16
 9.23000e+03	 2.95208e-16
 9.26077e+03	 2.95366e-16
 9.29154e+03	 2.95551e-16
 9.32230e+03	 2.95750e-16
 9.35307e+03	 2.95972e-16
 9.38384e+03	 2.96199e-16
 9.41460e+03	 2.96394e-16
 9.44537e+03	 2.96528e-16
 9.47614e+03	 2.96632e-16
 9.50690e+03	 2.96763e-16
 9.53767e+03	 2.96886e-16
 9.56844e+03	 2.96993e-16
 9.59920e+03	 2.97091e-16
 9.62997e+03	 2.97190e-16
 9.66073e+03	 2.97261e-16
 9.69151e+03	 2.97324e-16
 9.72227e+03	 2.97383e-16
 9.75304e+03	 2.97451e-16
 9.78381e+03	 2.97479e-16
 9.81457e+03	 2.97493e-16
 9.84534e+03	 2.97508e-16
 9.87610e+03	 2.97567e-16
 9.90687e+03	 2.97652e-16
 9.93764e+03	 2.97736e-16
 9.96840e+03	 2.97826e-16
 9.99917e+03	 2.97941e-16
 1.00299e+04	 2.98069e-16
 1.00607e+04	 2.98202e-16
 1.00915e+04	 2.98343e-16
 1.01222e+04	 2.98502e-16
 1.01530e+04	 2.98663e-16
 1.01838e+04	 2.98795e-16
 1.02145e+04	 2.98855e-16
 1.02453e+04	 2.98877e-16
 1.02761e+04	 2.98948e-16
 1.03068e+04	 2.99063e-16
 1.03376e+04	 2.99209e-16
 1.03684e+04	 2.99374e-16
 1.03991e+04	 2.99544e-16
 1.04299e+04	 2.99705e-16
 1.04607e+04	 2.99858e-16
 1.04914e+04	 2.99998e-16
 1.05222e+04	 3.00139e-16
 1.05530e+04	 3.00287e-16
 1.05837e+04	 3.00443e-16
 1.06145e+04	 3.00597e-16
 1.06453e+04	 3.00765e-16
 1.06760e+04	 3.00949e-16
 1.07068e+04	 3.01147e-16
 1.07376e+04	 3.01344e-16
 1.07683e+04	 3.01528e-16
 1.07991e+04	 3.01704e-16
 1.08299e+04	 3.01862e-16
 1.08606e+04	 3.01982e-16
 1.08914e+04	 3.02047e-16
 1.09222e+04	 3.02088e-16
 1.09529e+04	 3.02184e-16
 1.09837e+04	 3.02311e-16
 1.10145e+04	 3.02453e-16
 1.10452e+04	 3.02606e-16
 1.10760e+04	 3.02760e-16
 1.11068e+04	 3.02913e-16
 1.11375e+04	 3.03072e-16
 1.11683e+04	 3.03217e-16
 1.11991e+04	 3.03334e-16
 1.12298e+04	 3.03449e-16
 1.12606e+04	 3.03588e-16
 1.12914e+04	 3.03734e-16
 1.13221e+04	 3.03885e-16
 1.13529e+04	 3.04027e-16
 1.13837e+04	 3.04176e-16
 1.14144e+04	 3.04337e-16
 1.14452e+04	 3.04509e-16
 1.14760e+04	 3.04684e-16
 1.15067e+04	 3.04841e-16
 1.15375e+04	 3.05027e-16
 1.15683e+04	 3.05233e-16
 1.15990e+04	 3.05431e-16
 1.16298e+04	 3.05613e-16
 1.16606e+04	 3.05773e-16
 1.16913e+04	 3.05912e-16
 1.17221e+04	 3.06064e-16
 1.17529e+04	 3.06235e-16
 1.17836e+04	 3.06426e-16
 1.18144e+04	 3.06584e-16
 1.18452e+04	 3.06771e-16
 1.18759e+04	 3.06952e-16
 1.19067e+04	 3.07123e-16
 1.19375e+04	 3.07293e-16
 1.19682e+04	 3.07423e-16
 1.19990e+04	 3.07513e-16
 1.20298e+04	 3.07604e-16
 1.20605e+04	 3.07718e-16
 1.20913e+04	 3.07862e-16
 1.21221e+04	 3.08027e-16
 1.21528e+04	 3.08208e-16
 1.21836e+04	 3.08400e-16
 1.22144e+04	 3.08599e-16
 1.22451e+04	 3.08800e-16
 1.22759e+04	 3.09008e-16
 1.23067e+04	 3.09168e-16
 1.23374e+04	 3.09299e-16
 1.23682e+04	 3.09448e-16
 1.23990e+04	 3.09579e-16
 1.24297e+04	 3.09707e-16
 1.24605e+04	 3.09853e-16
 1.24913e+04	 3.09997e-16
 1.25220e+04	 3.10154e-16
 1.25528e+04	 3.10319e-16
 1.25836e+04	 3.10491e-16
 1.26143e+04	 3.10670e-16
 1.26451e+04	 3.10860e-16
 1.26759e+04	 3.11026e-16
 1.27066e+04	 3.11229e-16
 1.27374e+04	 3.11466e-16
 1.27682e+04	 3.11717e-16
 1.27989e+04	 3.11976e-16
 1.28297e+04	 3.12222e-16
 1.28605e+04	 3.12444e-16
 1.28912e+04	 3.12651e-16
 1.29220e+04	 3.12846e-16
 1.29528e+04	 3.13018e-16
 1.29835e+04	 3.13159e-16
 1.30143e+04	 3.13287e-16
 1.30451e+04	 3.13411e-16
 1.30758e+04	 3.13497e-16
 1.31066e+04	 3.13543e-16
 1.31374e+04	 3.13641e-16
 1.31681e+04	 3.13761e-16
 1.31989e+04	 3.13856e-16
 1.32297e+04	 3.13930e-16
 1.32604e+04	 3.14020e-16
 1.32912e+04	 3.14135e-16
 1.33220e+04	 3.14268e-16
 1.33527e+04	 3.14424e-16
 1.33835e+04	 3.14584e-16
 1.34143e+04	 3.14755e-16
 1.34450e+04	 3.14933e-16
 1.34758e+04	 3.15116e-16
 1.35066e+04	 3.15303e-16
 1.35373e+04	 3.15478e-16
 1.35681e+04	 3.15634e-16
 1.35989e+04	 3.15735e-16
 1.36296e+04	 3.15871e-16
 1.36604e+04	 3.16095e-16
 1.36912e+04	 3.16322e-16
 1.37219e+04	 3.16541e-16
 1.37527e+04	 3.16744e-16
 1.37835e+04	 3.16946e-16
 1.38142e+04	 3.17150e-16
 1.38450e+04	 3.17346e-16
 1.38758e+04	 3.17544e-16
 1.39065e+04	 3.17714e-16
 1.39373e+04	 3.17858e-16
 1.39681e+04	 3.17984e-16
 1.39988e+04	 3.18125e-16
 1.40296e+04	 3.18281e-16
 1.40604e+04	 3.18456e-16
 1.40911e+04	 3.18607e-16
 1.41219e+04	 3.18738e-16
 1.41527e+04	 3.18867e-16
 1.41834e+04	 3.18988e-16
 1.42142e+04	 3.19154e-16
 1.42450e+04	 3.19329e-16
 1.42757e+04	 3.19515e-16
 1.43065e+04	 3.19700e-16
 1.43373e+04	 3.19889e-16
 1.43680e+04	 3.20061e-16
 1.43988e+04	 3.20200e-16
 1.44296e+04	 3.20285e-16
 1.44603e+04	 3.20341e-16
 1.44911e+04	 3.20458e-16
 1.45219e+04	 3.20605e-16
 1.45526e+04	 3.20760e-16
 1.45834e+04	 3.20922e-16
 1.46142e+04	 3.21085e-16
 1.46449e+04	 3.21248e-16
 1.46757e+04	 3.21419e-16
 1.47065e+04	 3.21594e-16
 1.47372e+04	 3.21776e-16
 1.47680e+04	 3.21971e-16
 1.47988e+04	 3.22177e-16
 1.48295e+04	 3.22388e-16
 1.48603e+04	 3.22617e-16
 1.48911e+04	 3.22870e-16
 1.49218e+04	 3.23147e-16
 1.49526e+04	 3.23435e-16
 1.49834e+04	 3.23729e-16
 1.50141e+04	 3.24003e-16
 1.50449e+04	 3.24242e-16
 1.50757e+04	 3.24443e-16
 1.51064e+04	 3.24619e-16
 1.51372e+04	 3.24789e-16
 1.51680e+04	 3.24959e-16
 1.51987e+04	 3.25128e-16
 1.52295e+04	 3.25296e-16
 1.52603e+04	 3.25466e-16
 1.52910e+04	 3.25627e-16
 1.53218e+04	 3.25752e-16
 1.53526e+04	 3.25853e-16
 1.53833e+04	 3.25908e-16
 1.54141e+04	 3.25951e-16
 1.54449e+04	 3.26023e-16
 1.54756e+04	 3.26130e-16
 1.55064e+04	 3.26269e-16
 1.55372e+04	 3.26432e-16
 1.55679e+04	 3.26596e-16
 1.55987e+04	 3.26781e-16
 1.56295e+04	 3.26984e-16
 1.56602e+04	 3.27193e-16
 1.56910e+04	 3.27404e-16
 1.57218e+04	 3.27623e-16
 1.57525e+04	 3.27862e-16
 1.57833e+04	 3.28127e-16
 1.58141e+04	 3.28412e-16
 1.58448e+04	 3.28726e-16
 1.58756e+04	 3.29055e-16
 1.59064e+04	 3.29339e-16
 1.59371e+04	 3.29572e-16
 1.59679e+04	 3.29819e-16
 1.59987e+04	 3.30114e-16
 1.60294e+04	 3.30392e-16
 1.60602e+04	 3.30642e-16
 1.60910e+04	 3.30873e-16
 1.61217e+04	 3.31109e-16
 1.61525e+04	 3.31355e-16
 1.61833e+04	 3.31610e-16
 1.62140e+04	 3.31854e-16
 1.62448e+04	 3.32059e-16
 1.62756e+04	 3.32256e-16
 1.63063e+04	 3.32376e-16
 1.63371e+04	 3.32429e-16
 1.63679e+04	 3.32504e-16
 1.63986e+04	 3.32585e-16
 1.64294e+04	 3.32667e-16
 1.64602e+04	 3.32752e-16
 1.64909e+04	 3.32845e-16
 1.65217e+04	 3.32933e-16
 1.65525e+04	 3.33026e-16
 1.65832e+04	 3.33135e-16
 1.66140e+04	 3.33259e-16
 1.66448e+04	 3.33396e-16
 1.66755e+04	 3.33545e-16
 1.67063e+04	 3.33725e-16
 1.67371e+04	 3.33928e-16
 1.67678e+04	 3.34160e-16
 1.67986e+04	 3.34427e-16
 1.68294e+04	 3.34734e-16
 1.68601e+04	 3.35062e-16
 1.68909e+04	 3.35358e-16
 1.69217e+04	 3.35623e-16
 1.69524e+04	 3.35927e-16
 1.69832e+04	 3.36263e-16
 1.70140e+04	 3.36606e-16
 1.70447e+04	 3.36959e-16
 1.70755e+04	 3.37269e-16
 1.71063e+04	 3.37512e-16
 1.71370e+04	 3.37688e-16
 1.71678e+04	 3.37850e-16
 1.71986e+04	 3.37989e-16
 1.72293e+04	 3.38099e-16
 1.72601e+04	 3.38185e-16
 1.72909e+04	 3.38223e-16
 1.73216e+04	 3.38208e-16
 1.73524e+04	 3.38216e-16
 1.73832e+04	 3.38257e-16
 1.74139e+04	 3.38317e-16
 1.74447e+04	 3.38408e-16
 1.74755e+04	 3.38530e-16
 1.75062e+04	 3.38677e-16
 1.75370e+04	 3.38847e-16
 1.75678e+04	 3.39044e-16
 1.75985e+04	 3.39279e-16
 1.76293e+04	 3.39527e-16
 1.76601e+04	 3.39782e-16
 1.76908e+04	 3.40039e-16
 1.77216e+04	 3.40292e-16
 1.77524e+04	 3.40527e-16
 1.77831e+04	 3.40756e-16
 1.78139e+04	 3.40983e-16
 1.78447e+04	 3.41237e-16
 1.78754e+04	 3.41526e-16
 1.79062e+04	 3.41849e-16
 1.79370e+04	 3.42183e-16
 1.79677e+04	 3.42518e-16
 1.79985e+04	 3.42823e-16
 1.80293e+04	 3.43095e-16
 1.80600e+04	 3.43340e-16
 1.80908e+04	 3.43514e-16
 1.81216e+04	 3.43616e-16
 1.81523e+04	 3.43731e-16
 1.81831e+04	 3.43842e-16
 1.82139e+04	 3.43928e-16
 1.82446e+04	 3.44003e-16
 1.82754e+04	 3.44069e-16
 1.83062e+04	 3.44120e-16
 1.83369e+04	 3.44164e-16
 1.83677e+04	 3.44213e-16
 1.83985e+04	 3.44265e-16
 1.84292e+04	 3.44299e-16
 1.84600e+04	 3.44282e-16
 1.84908e+04	 3.44222e-16
 1.85215e+04	 3.44146e-16
 1.85523e+04	 3.44078e-16
 1.85831e+04	 3.44037e-16
 1.86138e+04	 3.44046e-16
 1.86446e+04	 3.44088e-16
 1.86754e+04	 3.44134e-16
 1.87061e+04	 3.44223e-16
 1.87369e+04	 3.44373e-16
 1.87677e+04	 3.44570e-16
 1.87984e+04	 3.44800e-16
 1.88292e+04	 3.45037e-16
 1.88600e+04	 3.45273e-16
 1.88907e+04	 3.45539e-16
 1.89215e+04	 3.45849e-16
 1.89523e+04	 3.46185e-16
 1.89830e+04	 3.46528e-16
 1.90138e+04	 3.46847e-16
 1.90446e+04	 3.47156e-16
 1.90753e+04	 3.47463e-16
 1.91061e+04	 3.47711e-16
 1.91369e+04	 3.47910e-16
 1.91676e+04	 3.48073e-16
 1.91984e+04	 3.48249e-16
 1.92292e+04	 3.48416e-16
 1.92599e+04	 3.48559e-16
 1.92907e+04	 3.48705e-16
 1.93215e+04	 3.48844e-16
 1.93522e+04	 3.48962e-16
 1.93830e+04	 3.49061e-16
 1.94138e+04	 3.49129e-16
 1.94445e+04	 3.49168e-16
 1.94753e+04	 3.49199e-16
 1.95061e+04	 3.49239e-16
 1.95368e+04	 3.49230e-16
 1.95676e+04	 3.49190e-16
 1.95984e+04	 3.49169e-16
 1.96291e+04	 3.49186e-16
 1.96599e+04	 3.49219e-16
 1.96907e+04	 3.49304e-16
 1.97214e+04	 3.49437e-16
 1.97522e+04	 3.49575e-16
 1.97830e+04	 3.49725e-16
 1.98137e+04	 3.49895e-16
 1.98445e+04	 3.50100e-16
 1.98753e+04	 3.50345e-16
 1.99060e+04	 3.50614e-16
 1.99368e+04	 3.50911e-16
 1.99676e+04	 3.51206e-16
 1.99983e+04	 3.51511e-16
 2.00291e+04	 3.51819e-16
 2.00599e+04	 3.52140e-16
 2.00906e+04	 3.52472e-16
 2.01214e+04	 3.52793e-16
 2.01522e+04	 3.53055e-16
 2.01829e+04	 3.53239e-16
 2.02137e+04	 3.53335e-16
 2.02445e+04	 3.53315e-16
 2.02752e+04	 3.53258e-16
 2.03060e+04	 3.53226e-16
 2.03368e+04	 3.53198e-16
 2.03675e+04	 3.53158e-16
 2.03983e+04	 3.53128e-16
 2.04291e+04	 3.53127e-16
 2.04598e+04	 3.53130e-16
 2.04906e+04	 3.53139e-16
 2.05214e+04	 3.53202e-16
 2.05521e+04	 3.53316e-16
 2.05829e+04	 3.53446e-16
 2.06137e+04	 3.53611e-16
 2.06444e+04	 3.53816e-16
 2.06752e+04	 3.54035e-16
 2.07060e+04	 3.54275e-16
 2.07367e+04	 3.54570e-16
 2.07675e+04	 3.54922e-16
 2.07983e+04	 3.55293e-16
 2.08290e+04	 3.55659e-16
 2.08598e+04	 3.56011e-16
 2.08906e+04	 3.56346e-16
 2.09213e+04	 3.56669e-16
 2.09521e+04	 3.56964e-16
 2.09829e+04	 3.57212e-16
 2.10136e+04	 3.57414e-16
 2.10444e+04	 3.57561e-16
 2.10752e+04	 3.57661e-16
 2.11059e+04	 3.57738e-16
 2.11367e+04	 3.57794e-16
 2.11675e+04	 3.57768e-16
 2.11982e+04	 3.57681e-16
 2.12290e+04	 3.57582e-16
 2.12598e+04	 3.57498e-16
 2.12905e+04	 3.57438e-16
 2.13213e+04	 3.57385e-16
 2.13521e+04	 3.57371e-16
 2.13828e+04	 3.57383e-16
 2.14136e+04	 3.57405e-16
 2.14444e+04	 3.57461e-16
 2.14751e+04	 3.57549e-16
 2.15059e+04	 3.57644e-16
 2.15367e+04	 3.57768e-16
 2.15674e+04	 3.57930e-16
 2.15982e+04	 3.58111e-16
 2.16290e+04	 3.58337e-16
 2.16597e+04	 3.58622e-16
 2.16905e+04	 3.58946e-16
 2.17213e+04	 3.59279e-16
 2.17520e+04	 3.59614e-16
 2.17828e+04	 3.59955e-16
 2.18136e+04	 3.60256e-16
 2.18443e+04	 3.60448e-16
 2.18751e+04	 3.60596e-16
 2.19059e+04	 3.60805e-16
 2.19366e+04	 3.60977e-16
 2.19674e+04	 3.61090e-16
 2.19982e+04	 3.61170e-16
 2.20289e+04	 3.61222e-16
 2.20597e+04	 3.61222e-16
 2.20905e+04	 3.61205e-16
 2.21212e+04	 3.61170e-16
 2.21520e+04	 3.61115e-16
 2.21828e+04	 3.61049e-16
 2.22135e+04	 3.61011e-16
 2.22443e+04	 3.61001e-16
 2.22751e+04	 3.61011e-16
 2.23058e+04	 3.61061e-16
 2.23366e+04	 3.61160e-16
 2.23674e+04	 3.61280e-16
 2.23981e+04	 3.61386e-16
 2.24289e+04	 3.61513e-16
 2.24597e+04	 3.61661e-16
 2.24904e+04	 3.61801e-16
 2.25212e+04	 3.61947e-16
 2.25520e+04	 3.62114e-16
 2.25827e+04	 3.62287e-16
 2.26135e+04	 3.62469e-16
 2.26443e+04	 3.62683e-16
 2.26750e+04	 3.62920e-16
 2.27058e+04	 3.63130e-16
 2.27366e+04	 3.63311e-16
 2.27673e+04	 3.63517e-16
 2.27981e+04	 3.63761e-16
 2.28289e+04	 3.63993e-16
 2.28596e+04	 3.64227e-16
 2.28904e+04	 3.64475e-16
 2.29212e+04	 3.64717e-16
 2.29519e+04	 3.64947e-16
 2.29827e+04	 3.65190e-16
 2.30135e+04	 3.65409e-16
 2.30442e+04	 3.65584e-16
 2.30750e+04	 3.65725e-16
 2.31058e+04	 3.65822e-16
 2.31365e+04	 3.65827e-16
 2.31673e+04	 3.65781e-16
 2.31981e+04	 3.65731e-16
 2.32288e+04	 3.65685e-16
 2.32596e+04	 3.65639e-16
 2.32904e+04	 3.65629e-16
 2.33211e+04	 3.65643e-16
 2.33519e+04	 3.65662e-16
 2.33827e+04	 3.65696e-16
 2.34134e+04	 3.65737e-16
 2.34442e+04	 3.65780e-16
 2.34750e+04	 3.65840e-16
 2.35057e+04	 3.65944e-16
 2.35365e+04	 3.66085e-16
 2.35673e+04	 3.66249e-16
 2.35980e+04	 3.66436e-16
 2.36288e+04	 3.66645e-16
 2.36596e+04	 3.66875e-16
 2.36903e+04	 3.67112e-16
 2.37211e+04	 3.67386e-16
 2.37519e+04	 3.67691e-16
 2.37826e+04	 3.67998e-16
 2.38134e+04	 3.68298e-16
 2.38442e+04	 3.68599e-16
 2.38749e+04	 3.68943e-16
 2.39057e+04	 3.69279e-16
 2.39365e+04	 3.69620e-16
 2.39672e+04	 3.69965e-16
 2.39980e+04	 3.70270e-16
 2.40288e+04	 3.70533e-16
 2.40595e+04	 3.70758e-16
 2.40903e+04	 3.70935e-16
 2.41211e+04	 3.71035e-16
 2.41518e+04	 3.71090e-16
 2.41826e+04	 3.71137e-16
 2.42134e+04	 3.71184e-16
 2.42441e+04	 3.71207e-16
 2.42749e+04	 3.71215e-16
 2.43057e+04	 3.71193e-16
 2.43364e+04	 3.71128e-16
 2.43672e+04	 3.71046e-16
 2.43980e+04	 3.71014e-16
 2.44287e+04	 3.71040e-16
 2.44595e+04	 3.71103e-16
 2.44903e+04	 3.71212e-16
 2.45210e+04	 3.71368e-16
 2.45518e+04	 3.71547e-16
 2.45826e+04	 3.71763e-16
 2.46133e+04	 3.72019e-16
 2.46441e+04	 3.72268e-16
 2.46749e+04	 3.72510e-16
 2.47056e+04	 3.72754e-16
 2.47364e+04	 3.72973e-16
 2.47672e+04	 3.73224e-16
 2.47979e+04	 3.73493e-16
 2.48287e+04	 3.73780e-16
 2.48595e+04	 3.74016e-16
 2.48902e+04	 3.74209e-16
 2.49210e+04	 3.74377e-16
 2.49518e+04	 3.74517e-16
 2.49825e+04	 3.74618e-16
 2.50133e+04	 3.74695e-16
 2.50441e+04	 3.74747e-16
 2.50748e+04	 3.74805e-16
 2.51056e+04	 3.74864e-16
 2.51364e+04	 3.74916e-16
 2.51671e+04	 3.74947e-16
 2.51979e+04	 3.74946e-16
 2.52287e+04	 3.74950e-16
 2.52594e+04	 3.74989e-16
 2.52902e+04	 3.75038e-16
 2.53210e+04	 3.75106e-16
 2.53517e+04	 3.75202e-16
 2.53825e+04	 3.75310e-16
 2.54133e+04	 3.75454e-16
 2.54440e+04	 3.75668e-16
 2.54748e+04	 3.75915e-16
 2.55056e+04	 3.76198e-16
 2.55363e+04	 3.76504e-16
 2.55671e+04	 3.76825e-16
 2.55979e+04	 3.77140e-16
 2.56286e+04	 3.77413e-16
 2.56594e+04	 3.77634e-16
 2.56902e+04	 3.77813e-16
 2.57209e+04	 3.77993e-16
 2.57517e+04	 3.78179e-16
 2.57825e+04	 3.78365e-16
 2.58132e+04	 3.78558e-16
 2.58440e+04	 3.78774e-16
 2.58748e+04	 3.78976e-16
 2.59055e+04	 3.79146e-16
 2.59363e+04	 3.79282e-16
 2.59671e+04	 3.79390e-16
 2.59978e+04	 3.79449e-16
 2.60286e+04	 3.79469e-16
 2.60594e+04	 3.79493e-16
 2.60901e+04	 3.79525e-16
 2.61209e+04	 3.79562e-16
 2.61517e+04	 3.79643e-16
 2.61824e+04	 3.79790e-16
 2.62132e+04	 3.79963e-16
 2.62440e+04	 3.80134e-16
 2.62747e+04	 3.80324e-16
 2.63055e+04	 3.80499e-16
 2.63363e+04	 3.80664e-16
 2.63670e+04	 3.80844e-16
 2.63978e+04	 3.80984e-16
 2.64286e+04	 3.81057e-16
 2.64593e+04	 3.81160e-16
 2.64901e+04	 3.81309e-16
 2.65209e+04	 3.81452e-16
 2.65516e+04	 3.81598e-16
 2.65824e+04	 3.81761e-16
 2.66132e+04	 3.81924e-16
 2.66439e+04	 3.82129e-16
 2.66747e+04	 3.82363e-16
 2.67055e+04	 3.82590e-16
 2.67362e+04	 3.82823e-16
 2.67670e+04	 3.83046e-16
 2.67978e+04	 3.83184e-16
 2.68285e+04	 3.83332e-16
 2.68593e+04	 3.83483e-16
 2.68901e+04	 3.83573e-16
 2.69208e+04	 3.83594e-16
 2.69516e+04	 3.83611e-16
 2.69824e+04	 3.83678e-16
 2.70131e+04	 3.83774e-16
 2.70439e+04	 3.83904e-16
 2.70747e+04	 3.84104e-16
 2.71054e+04	 3.84319e-16
 2.71362e+04	 3.84518e-16
 2.71670e+04	 3.84693e-16
 2.71977e+04	 3.84802e-16
 2.72285e+04	 3.84901e-16
 2.72593e+04	 3.84988e-16
 2.72900e+04	 3.85062e-16
 2.73208e+04	 3.85139e-16
 2.73516e+04	 3.85235e-16
 2.73823e+04	 3.85395e-16
 2.74131e+04	 3.85610e-16
 2.74439e+04	 3.85839e-16
 2.74746e+04	 3.86076e-16
